yellow 1 0 0 0 0 0 0 0 0 0 0 0 0 0 0
yellow 1 1 0 0 0 0 0 0 0 0 0 0 0 0 0
yellow 1 1 1 0 0 0 0 0 0 0 0 0 0 0 0
yellow 1 1 1 1 0 0 0 0 0 0 0 0 0 0 0
yellow 1 1 1 1 1 0 0 0 0 0 0 0 0 0 0
yellow 1 1 1 1 0 1 0 0 0 0 0 0 0 0 0
yellow 1 1 1 0 0 1 0 0 0 0 1 0 0 0 0
yellow 1 1 1 1 0 0 1 0 0 0 0 0 0 0 0
yellow 1 0 0 0 0 1 1 1 0 0 0 0 1 0 0
yellow 1 1 1 0 0 1 1 0 0 0 0 0 0 0 0
yellow 1 1 0 0 0 0 1 1 0 0 0 1 0 0 0
yellow 1 1 0 0 0 1 1 0 0 0 0 0 0 0 0
yellow 1 1 1 0 0 0 0 1 1 0 0 0 0 0 0
yellow 0 1 0 0 0 1 1 1 0 0 0 1 0 0 0
yellow 1 1 0 0 0 0 1 1 0 0 0 0 1 0 0
yellow 1 1 1 0 0 0 1 0 0 0 0 1 0 0 0
yellow 1 1 1 0 0 1 0 1 0 0 0 0 0 0 0
yellow 1 1 1 0 0 0 1 0 0 0 0 0 0 0 0
yellow 1 1 0 0 0 1 0 0 0 0 0 0 0 0 0
yellow 1 1 0 0 0 0 1 1 0 0 0 0 0 0 0
yellow 1 1 1 0 0 1 0 0 0 0 0 0 0 0 0


blue 1 0 0 0 0 0 0 0 0 0 0 0 0 0 0
blue 1 1 0 0 0 0 0 0 0 0 0 0 0 0 0
blue 1 1 1 0 0 0 0 0 0 0 0 0 0 0 0
blue 1 1 1 1 0 0 0 0 0 0 0 0 0 0 0
blue 1 1 1 1 1 0 0 0 0 0 0 0 0 0 0
blue 1 1 1 1 0 1 0 0 0 0 0 0 0 0 0
blue 1 1 1 0 0 1 0 0 0 0 1 0 0 0 0
blue 1 1 1 1 0 0 1 0 0 0 0 0 0 0 0
blue 1 0 0 0 0 1 1 1 0 0 0 0 1 0 0
blue 1 1 1 0 0 1 1 0 0 0 0 0 0 0 0
blue 1 1 0 0 0 0 1 1 0 0 0 1 0 0 0
blue 1 1 0 0 0 1 1 0 0 0 0 0 0 0 0
blue 1 1 1 0 0 0 0 1 1 0 0 0 0 0 0
blue 0 1 0 0 0 1 1 1 0 0 0 1 0 0 0
blue 1 1 0 0 0 0 1 1 0 0 0 0 1 0 0
blue 1 1 1 0 0 0 1 0 0 0 0 1 0 0 0
blue 1 1 1 0 0 1 0 1 0 0 0 0 0 0 0
blue 1 1 1 0 0 0 1 0 0 0 0 0 0 0 0
blue 1 1 0 0 0 1 0 0 0 0 0 0 0 0 0
blue 1 1 0 0 0 0 1 1 0 0 0 0 0 0 0
blue 1 1 1 0 0 1 0 0 0 0 0 0 0 0 0

green 1 0 0 0 0 0 0 0 0 0 0 0 0 0 0
green 1 1 0 0 0 0 0 0 0 0 0 0 0 0 0
green 1 1 1 0 0 0 0 0 0 0 0 0 0 0 0
green 1 1 1 1 0 0 0 0 0 0 0 0 0 0 0
green 1 1 1 1 1 0 0 0 0 0 0 0 0 0 0
green 1 1 1 1 0 1 0 0 0 0 0 0 0 0 0
green 1 1 1 0 0 1 0 0 0 0 1 0 0 0 0
green 1 1 1 1 0 0 1 0 0 0 0 0 0 0 0
green 1 0 0 0 0 1 1 1 0 0 0 0 1 0 0
green 1 1 1 0 0 1 1 0 0 0 0 0 0 0 0
green 1 1 0 0 0 0 1 1 0 0 0 1 0 0 0
green 1 1 0 0 0 1 1 0 0 0 0 0 0 0 0
green 1 1 1 0 0 0 0 1 1 0 0 0 0 0 0
green 0 1 0 0 0 1 1 1 0 0 0 1 0 0 0
green 1 1 0 0 0 0 1 1 0 0 0 0 1 0 0
green 1 1 1 0 0 0 1 0 0 0 0 1 0 0 0
green 1 1 1 0 0 1 0 1 0 0 0 0 0 0 0
green 1 1 1 0 0 0 1 0 0 0 0 0 0 0 0
green 1 1 0 0 0 1 0 0 0 0 0 0 0 0 0
green 1 1 0 0 0 0 1 1 0 0 0 0 0 0 0
green 1 1 1 0 0 1 0 0 0 0 0 0 0 0 0

red 1 0 0 0 0 0 0 0 0 0 0 0 0 0 0
red 1 1 0 0 0 0 0 0 0 0 0 0 0 0 0
red 1 1 1 0 0 0 0 0 0 0 0 0 0 0 0
red 1 1 1 1 0 0 0 0 0 0 0 0 0 0 0
red 1 1 1 1 1 0 0 0 0 0 0 0 0 0 0
red 1 1 1 1 0 1 0 0 0 0 0 0 0 0 0
red 1 1 1 0 0 1 0 0 0 0 1 0 0 0 0
red 1 1 1 1 0 0 1 0 0 0 0 0 0 0 0
red 1 0 0 0 0 1 1 1 0 0 0 0 1 0 0
red 1 1 1 0 0 1 1 0 0 0 0 0 0 0 0
red 1 1 0 0 0 0 1 1 0 0 0 1 0 0 0
red 1 1 0 0 0 1 1 0 0 0 0 0 0 0 0
red 1 1 1 0 0 0 0 1 1 0 0 0 0 0 0
red 0 1 0 0 0 1 1 1 0 0 0 1 0 0 0
red 1 1 0 0 0 0 1 1 0 0 0 0 1 0 0
red 1 1 1 0 0 0 1 0 0 0 0 1 0 0 0
red 1 1 1 0 0 1 0 1 0 0 0 0 0 0 0
red 1 1 1 0 0 0 1 0 0 0 0 0 0 0 0
red 1 1 0 0 0 1 0 0 0 0 0 0 0 0 0
red 1 1 0 0 0 0 1 1 0 0 0 0 0 0 0
red 1 1 1 0 0 1 0 0 0 0 0 0 0 0 0
